4096
4857
4864
4991
4992
5119
5120
5881
5888
6142
6144
6905
7168
7551
7552
7616
7616
7680
7680
7807
7808
7935
7936
8063
8064
8191
8192
8699
8960
9191
9216
9597
9600
9664
9664
9728
9728
9855
9856
9983
9984
10111
10112
10239
10240
10747
10752
11133
11136
11263
11264
11645
11648
11775
11776
11861
11861
11946
11946
12032
12032
12117
12117
12202
12202
12288
12288
13049
13056
13183
13184
13311
13312
13658
13696
13823
13824
13909
13909
13994
13994
14080
14080
14165
14165
14250
14250
14336
14336
14933
14933
15018
15104
15104
15161
15175
15175
15189
15189
15189
15274
15274
15360
15360
16121
16128
16382
16384
16765
16768
16884
16896
17087
17088
17152
17152
17343
17344
17408
17408
17599
17600
17664
17664
18171
18176
18430
18432
18813
18816
18932
18944
19029
19029
19114
19114
19200
19200
19285
19285
19370
19370
19456
19456
20217
20224
20478
20480
20861
20864
20991
20992
21183
21184
21248
21248
21333
21333
21418
21418
21504
21504
21695
21696
21760
21760
22399
22400
22527
22528
22655
22656
22910
22912
23039
23040
23125
23125
23210
23210
23296
23296
23381
23381
23466
23466
23552
23552
24313
24576
25337
25344
25471
25472
25599
25600
26495
26496
26623
26624
27638
27639