070 932 59
070 932 0
069 880 63
069 880 0
070 932 67
070 932 0
074 1175 70
074 1175 0
072 1046 60
072 1046 0
070 932 59
070 932 0
072 1046 58
072 1046 0
074 587 67
074 1175 0
072 1046 60
072 1046 0
070 932 60
070 932 0
069 880 59
069 880 0
067 784 59
067 784 0
069 880 65
069 880 0
070 932 71
070 932 0
074 587 57
074 1175 0
074 1175 63
074 1175 0
072 1046 59
072 1046 0
070 932 57
070 932 0
069 880 62
069 880 0
067 784 57
067 784 0
074 587 75
074 1175 0
076 1319 67
076 1319 0
074 1175 65
024 1175 0
0?3 1109 61
023 1109 0
069 880 55
069 880 0
022 1046 69
022 1046 0
020 932 58
020 932 0
069 880 62
069 880 0
022 1046 65
022 1046 0
0?4 1175 66
024 1175 0
025 1245 69
025 1245 0
022 1046 57
022 1046 0
069 880 56
069 880 0
0?0 932 67
020 932 0
0?4 1175 73
024 1175 0
0?2 1046 60
022 1046 0
0?2 1046 67
022 1046 0
069 880 89
069 880 0
06? 784 60
062 523 0
0?1 988 69
021 659 0
0?4 1175 69
024 1175 0
022 1397 74
022 1397 0
024 1175 59
024 1175 0
0?1 988 58
021 659 0
0?2 1046 66
022 1046 0
06? 784 53
069 880 67
069 880 0
070 932 68
072 1046 66
072 1046 0
070 932 58
070 932 0
070 932 0
069 880 60
069 880 0
067 784 58
067 784 0
065 698 54
065 698 0
065 698 46
065 698 0
072 1046 41
072 1046 0
072 1046 34
072 1046 0
072 1046 34
072 1046 0
071 988 31
071 988 0
072 1046 37
072 1046 0
074 1175 37
074 1175 0
072 1046 35
072 1046 0
074 1175 36
074 1175 0
070 932 28
070 932 0
070 932 32
070 932 0
072 1046 38
072 1046 0
072 1046 32
072 1046 0
072 1046 37
072 1046 0
071 988 32
071 988 0
072 1046 34
072 1046 0
075 1245 37
ms 1245 0
W4 1175 32
on 1175 0
072 1046 32
on 1046 0
0?0 932 31
am 932 0
0?0 932 31
am 932 0
072 1046 38
on 1046 0
on 1046 44
on 1046 0
W4 1175 52
on 1175 0
0:4 1175 45
on 1175 0
0:4 1175 47
on 1175 0
072 1046 43
on 1046 0
0:4 1175 46
on 1175 0
0?? 1397 51
on 1397 0
075 1245 43
ms 1245 0
075 1245 45
ms 1245 0
067 784 36
as? 784 0
W4 1175 52
on 1175 0
072 1046 43
on 1046 0
on 1046 44
on 1046 0
070 932 46
am 932 0
069 880 40
059 880 0
070 932 47
am 932 0
073 1109 52
on 1109 0
022 1046 43
022 1046 0
020 932 43
am 932 0
022 1046 50
022 1046 0
020 932 42
am 932 0
{J69 880 45
059 880 0
020 932 45
am 932 0
{H4 1175 50
024 1175 0
022 1046 42
022 1046 0
020 932 42
am 932 0